   Distance (km) Seafloor depth (m)
  -1.0000319e+03   9.4494000e+01
  -9.9247722e+02   9.4662000e+01
  -9.8624198e+02   9.4944000e+01
  -9.7591480e+02   9.5125000e+01
  -9.6969216e+02   9.5280000e+01
  -9.5735673e+02   9.5386000e+01
  -9.4691583e+02   9.5516000e+01
  -9.4080444e+02   9.5760000e+01
  -9.3735846e+02   9.5908000e+01
  -9.2680299e+02   9.5894000e+01
  -9.2335551e+02   9.6103000e+01
  -9.1701121e+02   9.6200000e+01
  -9.0699988e+02   9.5954000e+01
  -9.0210135e+02   9.6222000e+01
  -8.9296751e+02   9.5982000e+01
  -8.8594064e+02   9.6219000e+01
  -8.7586456e+02   9.6141000e+01
  -8.6898908e+02   9.6301000e+01
  -8.6023688e+02   9.6411000e+01
  -8.5013895e+02   9.6358000e+01
  -8.4005180e+02   9.6597000e+01
  -8.3267807e+02   9.6651000e+01
  -8.2752744e+02   9.6766000e+01
  -8.1382766e+02   9.6716000e+01
  -8.0491000e+02   9.6981000e+01
  -7.9512201e+02   9.7002000e+01
  -7.8326613e+02   9.6993000e+01
  -7.7417920e+02   9.7100000e+01
  -7.6840190e+02   9.7209000e+01
  -7.5655093e+02   9.7103000e+01
  -7.4744447e+02   9.7014000e+01
  -7.3815734e+02   9.7327000e+01
  -7.2816235e+02   9.7278000e+01
  -7.2020151e+02   9.7270000e+01
  -7.1258073e+02   9.7285000e+01
  -7.0550348e+02   9.7228000e+01
  -6.9856308e+02   9.7360000e+01
  -6.8601558e+02   9.7102000e+01
  -6.8227556e+02   9.7197000e+01
  -6.7373324e+02   9.7302000e+01
  -6.6425536e+02   9.7184000e+01
  -6.5217135e+02   9.7148000e+01
  -6.4167855e+02   9.7104000e+01
  -6.3148087e+02   9.6819000e+01
  -6.2450959e+02   9.6987000e+01
  -6.1675432e+02   9.6703000e+01
  -6.0693017e+02   9.6462000e+01
  -6.0064967e+02   9.6477000e+01
  -5.9250285e+02   9.6677000e+01
  -5.7885720e+02   9.6315000e+01
  -5.7606668e+02   9.6533000e+01
  -5.6858714e+02   9.6437000e+01
  -5.6245593e+02   9.6429000e+01
  -5.5312344e+02   9.6498000e+01
  -5.4608714e+02   9.6607000e+01
  -5.3558426e+02   9.6326000e+01
  -5.2902236e+02   9.6386000e+01
  -5.2292379e+02   9.6395000e+01
  -5.0789637e+02   9.5864000e+01
  -4.9751359e+02   9.5760000e+01
  -4.8869719e+02   9.5800000e+01
  -4.7583831e+02   9.5235000e+01
  -4.6685787e+02   9.4773000e+01
  -4.6046505e+02   9.4610000e+01
  -4.4992222e+02   9.4261000e+01
  -4.3971422e+02   9.4235000e+01
  -4.3215962e+02   9.4174000e+01
  -4.2242097e+02   9.3931000e+01
  -4.1455751e+02   9.3979000e+01
  -4.0338984e+02   9.4079000e+01
  -3.8877561e+02   9.4493000e+01
  -3.7728003e+02   9.4691000e+01
  -3.6861606e+02   9.4840000e+01
  -3.5859896e+02   9.4799000e+01
  -3.5154251e+02   9.4889000e+01
  -3.4038316e+02   9.4666000e+01
  -3.2739076e+02   9.4992000e+01
  -3.1096365e+02   9.4546000e+01
  -3.0348394e+02   9.4541000e+01
  -2.9617788e+02   9.4795000e+01
  -2.8270435e+02   9.4538000e+01
  -2.7069552e+02   9.4441000e+01
  -2.6596670e+02   9.4554000e+01
  -2.5641380e+02   9.4487000e+01
  -2.4489750e+02   9.4239000e+01
  -2.3747917e+02   9.4384000e+01
  -2.2481703e+02   9.4253000e+01
  -2.1544655e+02   9.3954000e+01
  -2.0287732e+02   9.4132000e+01
  -1.9095181e+02   9.3717000e+01
  -1.8479646e+02   9.4011000e+01
  -1.7588815e+02   9.4069000e+01
  -1.6736250e+02   9.4091000e+01
  -1.5869362e+02   9.4326000e+01
  -1.4949321e+02   9.4023000e+01
  -1.4270634e+02   9.3874000e+01
  -1.3255526e+02   9.3988000e+01
  -1.1797599e+02   9.3025000e+01
  -1.0878845e+02   9.2880000e+01
  -9.3540607e+01   9.1508000e+01
  -8.9373730e+01   9.1698000e+01
  -8.6107546e+01   9.1623000e+01
  -7.4758425e+01   9.1795000e+01
  -6.2356341e+01   9.1917000e+01
  -5.5414157e+01   9.1966000e+01
  -4.8374540e+01   9.2191000e+01
  -3.3999568e+01   9.1940000e+01
  -2.6454734e+01   9.2024000e+01
  -1.8478163e+01   9.1772000e+01
  -1.0118097e+01   9.1850000e+01
   5.4834022e-01   9.1649000e+01
   8.0324083e+00   9.1550000e+01
   2.0253960e+01   9.1711000e+01
   3.2461395e+01   9.1755000e+01
   4.0034921e+01   9.1845000e+01
   4.8441775e+01   9.1789000e+01
   5.7514203e+01   9.1871000e+01
   6.7384764e+01   9.1793000e+01
   7.7688629e+01   9.1804000e+01
   8.5849846e+01   9.1958000e+01
   9.4434568e+01   9.2001000e+01
   1.0154726e+02   9.2125000e+01
   1.0622323e+02   9.2282000e+01
   1.1988625e+02   9.2158000e+01
   1.2567108e+02   9.2208000e+01
   1.3547810e+02   9.2180000e+01
   1.4375660e+02   9.2066000e+01
   1.5110541e+02   9.1922000e+01
   1.6178749e+02   9.1946000e+01
   1.7408128e+02   9.1523000e+01
   1.8543727e+02   9.1845000e+01
   2.0035762e+02   9.1145000e+01
   2.1156853e+02   9.1459000e+01
   2.1916506e+02   9.1278000e+01
   2.2604791e+02   9.1070000e+01
   2.3259362e+02   9.0988000e+01
   2.3945225e+02   9.1131000e+01
   2.4965478e+02   9.0889000e+01
   2.5750921e+02   9.0853000e+01
   2.6292184e+02   9.0923000e+01
   2.7364641e+02   9.0615000e+01
   2.8210639e+02   9.0681000e+01
   2.9296788e+02   9.0366000e+01
   3.0247511e+02   9.0309000e+01
   3.1152461e+02   9.0007000e+01
   3.2157498e+02   9.0033000e+01
   3.3496256e+02   9.0046000e+01
   3.4776945e+02   8.9821000e+01
   3.5556517e+02   8.9835000e+01
   3.6334472e+02   8.9521000e+01
   3.6922274e+02   8.9456000e+01
   3.8366489e+02   8.9191000e+01
   3.9295582e+02   8.9101000e+01
   4.0717860e+02   8.8928000e+01
   4.1350550e+02   8.8927000e+01
   4.1963113e+02   8.8736000e+01
   4.2560514e+02   8.8475000e+01
   4.3396527e+02   8.7910000e+01
   4.4285408e+02   8.8078000e+01
   4.5497270e+02   8.7222000e+01
   4.6419622e+02   8.7770000e+01
   4.7972079e+02   8.6671000e+01
   4.9041252e+02   8.6475000e+01
   5.0039159e+02   8.6720000e+01
   5.1141659e+02   8.6155000e+01
   5.1760323e+02   8.6022000e+01
   5.2289452e+02   8.6034000e+01
   5.3112154e+02   8.5282000e+01
   5.3635495e+02   8.5298000e+01
   5.4594149e+02   8.4700000e+01
   5.5644301e+02   8.4361000e+01
   5.6502060e+02   8.4360000e+01
   5.7390485e+02   8.3728000e+01
   5.7977827e+02   8.3757000e+01
   5.9141559e+02   8.3159000e+01
   5.9960386e+02   8.3522000e+01
   6.1186239e+02   8.2787000e+01
   6.1918123e+02   8.2879000e+01
   6.2669307e+02   8.2406000e+01
   6.3130143e+02   8.2287000e+01
   6.3617393e+02   8.2219000e+01
   6.4600733e+02   8.1674000e+01
   6.5232447e+02   8.1382000e+01
   6.5891191e+02   8.1174000e+01
   6.6468042e+02   8.1214000e+01
   6.7276791e+02   8.0676000e+01
   6.7898780e+02   8.0408000e+01
   6.8487520e+02   8.0132000e+01
   6.8994021e+02   7.9727000e+01
   6.9911556e+02   8.0069000e+01
   7.1427775e+02   7.8998000e+01
   7.2034826e+02   7.9459000e+01
   7.3134168e+02   7.8706000e+01
   7.3615308e+02   7.8853000e+01
   7.4250803e+02   7.8540000e+01
   7.4612333e+02   7.8480000e+01
   7.5331714e+02   7.8209000e+01
   7.6111877e+02   7.8078000e+01
   7.6911579e+02   7.8070000e+01
   7.7994643e+02   7.8149000e+01
   7.8930348e+02   7.7901000e+01
   7.9677838e+02   7.7791000e+01
   8.0743526e+02   7.7731000e+01
   8.1588252e+02   7.7493000e+01
   8.2392984e+02   7.7264000e+01
   8.3091142e+02   7.7400000e+01
   8.3745868e+02   7.7214000e+01
   8.4457824e+02   7.7231000e+01
   8.5236266e+02   7.7014000e+01
   8.6161538e+02   7.6914000e+01
   8.7049165e+02   7.7220000e+01
   8.7986309e+02   7.7074000e+01
   8.9158647e+02   7.7237000e+01
   9.0326756e+02   7.7350000e+01
   9.1232386e+02   7.7307000e+01
   9.2176757e+02   7.7152000e+01
   9.2994796e+02   7.7318000e+01
   9.3633717e+02   7.7599000e+01
   9.4251459e+02   7.7617000e+01
   9.4834432e+02   7.7630000e+01
   9.5453716e+02   7.7733000e+01
   9.6419764e+02   7.7617000e+01
   9.7024706e+02   7.7741000e+01
   9.7971892e+02   7.7742000e+01
   9.8913915e+02   7.7776000e+01
   9.9787986e+02   7.7887000e+01
   1.0058625e+03   7.8016000e+01
   1.0131471e+03   7.7941000e+01
   1.0218010e+03   7.8046000e+01
   1.0265276e+03   7.8202000e+01
   1.0323258e+03   7.8222000e+01
   1.0405445e+03   7.8403000e+01
   1.0489895e+03   7.8536000e+01
   1.0545328e+03   7.8618000e+01
   1.0613954e+03   7.8714000e+01
   1.0693610e+03   7.8831000e+01
   1.0769904e+03   7.8906000e+01
   1.0841439e+03   7.9069000e+01
   1.0902581e+03   7.9069000e+01
   1.0936282e+03   7.9246000e+01
   1.1011621e+03   7.9447000e+01
   1.1038452e+03   7.9522000e+01
   1.1105242e+03   7.9638000e+01
   1.1203543e+03   7.9835000e+01
   1.1301527e+03   7.9934000e+01
   1.1396609e+03   8.0084000e+01
   1.1457744e+03   8.0140000e+01
   1.1526468e+03   8.0134000e+01
   1.1612925e+03   8.0081000e+01
   1.1714212e+03   8.0161000e+01
   1.1771338e+03   8.0244000e+01
   1.1868367e+03   7.9943000e+01
   1.1916772e+03   7.9999000e+01
   1.1964102e+03   7.9939000e+01
   1.2038837e+03   8.0081000e+01
   1.2124340e+03   7.9926000e+01
   1.2203906e+03   8.0061000e+01
   1.2280446e+03   8.0071000e+01
   1.2357841e+03   8.0125000e+01
   1.2375110e+03   8.0232000e+01
   1.2444651e+03   8.0233000e+01
   1.2521346e+03   8.0415000e+01
   1.2592927e+03   8.0338000e+01
   1.2669293e+03   8.0300000e+01
   1.2746181e+03   8.0409000e+01
   1.2808053e+03   8.0581000e+01
   1.2886968e+03   8.0554000e+01
   1.2985066e+03   8.0415000e+01
   1.3089292e+03   8.0864000e+01
   1.3188617e+03   8.0642000e+01
   1.3247174e+03   8.0956000e+01
   1.3338795e+03   8.1008000e+01
   1.3479532e+03   8.0911000e+01
   1.3561109e+03   8.1115000e+01
   1.3618759e+03   8.1270000e+01
   1.3712978e+03   8.1309000e+01
   1.3761533e+03   8.1524000e+01
   1.3810001e+03   8.1514000e+01
   1.3903601e+03   8.1420000e+01
   1.3965212e+03   8.1624000e+01
   1.4072058e+03   8.1756000e+01
   1.4150409e+03   8.1881000e+01
   1.4236995e+03   8.1896000e+01
   1.4319197e+03   8.1936000e+01
   1.4397997e+03   8.2150000e+01
   1.4451558e+03   8.2095000e+01
   1.4522976e+03   8.2189000e+01
   1.4591006e+03   8.2351000e+01
   1.4678340e+03   8.2469000e+01
   1.4731901e+03   8.2595000e+01
   1.4833545e+03   8.2783000e+01
   1.4935748e+03   8.3226000e+01
   1.4998171e+03   8.3363000e+01
   1.5049854e+03   8.3682000e+01
   1.5118629e+03   8.3885000e+01
   1.5258272e+03   8.4269000e+01
   1.5320225e+03   8.4653000e+01
   1.5427796e+03   8.4825000e+01
   1.5496501e+03   8.5179000e+01
   1.5603178e+03   8.5490000e+01
   1.5707692e+03   8.5988000e+01
   1.5806018e+03   8.6053000e+01
   1.5896237e+03   8.6282000e+01
   1.5955449e+03   8.6559000e+01
   1.6029938e+03   8.6683000e+01
   1.6119593e+03   8.6750000e+01
   1.6197616e+03   8.6805000e+01
   1.6267402e+03   8.6656000e+01
   1.6329613e+03   8.6836000e+01
   1.6393274e+03   8.6672000e+01
   1.6464313e+03   8.6533000e+01
   1.6563760e+03   8.6202000e+01
   1.6654801e+03   8.5773000e+01
   1.6709142e+03   8.6029000e+01
   1.6804793e+03   8.5218000e+01
   1.6877631e+03   8.5453000e+01
   1.6962917e+03   8.4659000e+01
   1.6987553e+03   8.4625000e+01
   1.7048679e+03   8.4306000e+01
   1.7137228e+03   8.4007000e+01
   1.7226756e+03   8.3880000e+01
   1.7284444e+03   8.3719000e+01
   1.7322634e+03   8.3722000e+01
   1.7400481e+03   8.3598000e+01
   1.7484088e+03   8.3413000e+01
   1.7523236e+03   8.3520000e+01
   1.7575397e+03   8.3432000e+01
   1.7630684e+03   8.3519000e+01
   1.7744242e+03   8.3287000e+01
   1.7856717e+03   8.3157000e+01
   1.7935376e+03   8.3274000e+01
   1.7982387e+03   8.3295000e+01
   1.8083624e+03   8.3140000e+01
   1.8126137e+03   8.3197000e+01
   1.8152267e+03   8.3321000e+01
   1.8243189e+03   8.3290000e+01
   1.8296929e+03   8.3389000e+01
   1.8336233e+03   8.3483000e+01
   1.8436540e+03   8.3481000e+01
   1.8532856e+03   8.3628000e+01
   1.8617373e+03   8.3612000e+01
   1.8679492e+03   8.3784000e+01
   1.8742167e+03   8.3842000e+01
   1.8805350e+03   8.3943000e+01
   1.8907080e+03   8.3870000e+01
   1.8971487e+03   8.4085000e+01
   1.9063503e+03   8.4107000e+01
   1.9143892e+03   8.4045000e+01
   1.9268192e+03   8.4093000e+01
   1.9366741e+03   8.4296000e+01
   1.9449755e+03   8.4360000e+01
   1.9555593e+03   8.4213000e+01
   1.9659236e+03   8.4329000e+01
   1.9732868e+03   8.4497000e+01
   1.9817555e+03   8.4478000e+01
   1.9894205e+03   8.4361000e+01
   1.9937456e+03   8.4411000e+01
   1.9989520e+03   8.4480000e+01
