    Distance (km) Seafloor depth (m)
   0.0000000e+00   6.0729038e+01
   1.0739266e+02   6.1920265e+01
   2.1364783e+02   6.2929465e+01
   3.2642098e+02   6.3789008e+01
   4.4364004e+02   6.4484425e+01
   5.6558037e+02   6.4963735e+01
   6.8895737e+02   6.5802580e+01
   8.1016937e+02   6.5896183e+01
   9.3426627e+02   6.4771242e+01
   1.0575484e+03   6.3165384e+01
   1.1798805e+03   6.2384269e+01
   1.3052237e+03   6.1627973e+01
   1.4339355e+03   6.2002637e+01
   1.5647831e+03   6.2890838e+01
   1.6961909e+03   6.4529834e+01
   1.8242032e+03   6.6709838e+01
   1.9578074e+03   6.9063689e+01
   2.0904252e+03   7.0970121e+01
   2.2226325e+03   7.1994745e+01
   2.3462140e+03   7.2740768e+01
   2.4720820e+03   7.3510867e+01
   2.5992060e+03   7.4106883e+01
   2.7297003e+03   7.5631639e+01
   2.8606150e+03   7.6642372e+01
   2.9926014e+03   7.8268748e+01
   3.1248591e+03   8.0196997e+01
   3.2477543e+03   8.0341691e+01
   3.3681992e+03   7.8814641e+01
   3.4871796e+03   7.6047608e+01
   3.6052149e+03   7.3331887e+01
   3.7247152e+03   6.9897066e+01
   3.8477154e+03   6.7827537e+01
   3.9702000e+03   6.6759866e+01
   4.0921811e+03   6.6773906e+01
   4.2150758e+03   6.7628534e+01
   4.3410499e+03   6.9487566e+01
   4.4673520e+03   7.2102475e+01
   4.5946795e+03   7.4431299e+01
   4.7225406e+03   7.6033339e+01
   4.8510203e+03   7.6954370e+01
   4.9820151e+03   7.7158671e+01
   5.1134810e+03   7.6945829e+01
   5.2453510e+03   7.6939352e+01
   5.3782242e+03   7.7464153e+01
   5.5131099e+03   7.8207791e+01
   5.6465871e+03   7.9225720e+01
   5.7796742e+03   8.0524750e+01
   5.9089950e+03   8.2089624e+01
