   Distance (km) Seafloor depth (m)  
   0.0000000e+00   8.5978258e+01
   1.1094180e+02   8.6184081e+01
   2.2058493e+02   8.5833868e+01
   3.3218939e+02   8.4940806e+01
   4.4495725e+02   8.3499570e+01
   5.5494052e+02   8.1429329e+01
   6.5991515e+02   7.8907331e+01
   7.7221453e+02   7.6391396e+01
   8.8691991e+02   7.3776462e+01
   1.0003213e+03   7.0787556e+01
   1.1091170e+03   6.7039471e+01
   1.2146272e+03   6.3496952e+01
   1.3191973e+03   5.9963867e+01
   1.4236317e+03   5.6398226e+01
   1.5292330e+03   5.2846354e+01
